{
 "cells": [
  {
   "cell_type": "code",
   "execution_count": 5,
   "metadata": {},
   "outputs": [],
   "source": [
    "import pandas as pd\n",
    "from dowhy import CausalModel"
   ]
  },
  {
   "cell_type": "code",
   "execution_count": 6,
   "metadata": {},
   "outputs": [
    {
     "name": "stdout",
     "output_type": "stream",
     "text": [
      "                 time  temperature        ph  nutrients   biomass   product\n",
      "time         1.000000     0.071231 -0.008088  -0.993523 -0.847315 -0.568839\n",
      "temperature  0.071231     1.000000  0.095147  -0.085946  0.051763  0.009192\n",
      "ph          -0.008088     0.095147  1.000000   0.004320 -0.044502 -0.127487\n",
      "nutrients   -0.993523    -0.085946  0.004320   1.000000  0.857323  0.576545\n",
      "biomass     -0.847315     0.051763 -0.044502   0.857323  1.000000  0.714581\n",
      "product     -0.568839     0.009192 -0.127487   0.576545  0.714581  1.000000\n"
     ]
    }
   ],
   "source": [
    "df = pd.read_csv('../data/simulated_data.csv')\n",
    "print(df.corr())"
   ]
  }
 ],
 "metadata": {
  "kernelspec": {
   "display_name": "venv (3.12.7)",
   "language": "python",
   "name": "python3"
  },
  "language_info": {
   "codemirror_mode": {
    "name": "ipython",
    "version": 3
   },
   "file_extension": ".py",
   "mimetype": "text/x-python",
   "name": "python",
   "nbconvert_exporter": "python",
   "pygments_lexer": "ipython3",
   "version": "3.12.7"
  }
 },
 "nbformat": 4,
 "nbformat_minor": 5
}
